=== ML-DSA Signature Service ===
Post-Quantum Cryptography Test Server (FIPS 204)

1. Get public key
2. Sign a message
3. Show signature history
4. Get flag (requires secret key s1)
5. Exit

> Enter message: Signature #1:
z = [[8342496, 8270653, 25393, 8355831, 8373751, 80632, 102771, 48363, 8345805, 106574, 83331, 114085, 8278580, 8307868, 8264293, 8353257, 86897, 8330874, 8368561, 8326258, 86370, 8268325, 28959, 96936, 83048, 8317464, 21166, 8361675, 117772, 108650, 57095, 85507, 8265769, 63046, 8266093, 101749, 8356166, 8305930, 8267166, 8366105, 85476, 8281489, 32723, 8357303, 87048, 19215, 8265128, 8370532, 28216, 8283349, 8322200, 8354486, 6738, 8303662, 8369409, 56232, 60487, 127091, 63182, 36961, 60627, 8349835, 69241, 8249747, 71309, 21841, 122017, 102580, 8324961, 8249488, 7534, 83151, 73390, 8329202, 8346940, 16354, 99913, 119910, 3902, 11941, 38271, 8261009, 81488, 34728, 122352, 119874, 8374477, 8251689, 8335904, 67111, 8349098, 69367, 8271279, 8338430, 8278316, 84569, 8332143, 8341050, 39146, 100847, 8347597, 8260188, 9478, 8250280, 8262335, 8303360, 45366, 133, 98004, 8318482, 1544, 8316931, 6874, 129438, 8375275, 8296102, 37860, 19478, 8312200, 8255371, 88269, 477, 8341979, 105420, 8327188, 94350, 124831, 8317146, 8352671, 8280769, 8297602, 8352837, 42258, 8285458, 109783, 58114, 8352515, 68770, 8365875, 37914, 8314794, 83854, 25045, 21716, 118271, 8263711, 8290751, 8359410, 8278808, 8277792, 8260901, 65265, 8319548, 77592, 86212, 8343149, 8307691, 66099, 28604, 77591, 8276820, 100216, 118388, 8287080, 8250838, 8375538, 15362, 8279142, 8379194, 8376687, 61523, 8356221, 8362258, 117045, 113136, 8343114, 84669, 5288, 45803, 8300105, 2293, 109254, 8318809, 87191, 8319485, 8251126, 8376682, 73674, 8264780, 36207, 5892, 22706, 73915, 73819, 8281701, 91116, 8297769, 74762, 123279, 8291587, 8266565, 8320980, 40097, 8263821, 22930, 8268578, 8329380, 103199, 78825, 103313, 72783, 51978, 8301878, 8288460, 11918, 8366117, 95039, 106346, 2624, 111046, 85787, 8327260, 40579, 8356980, 8287014, 8289409, 38069, 8301884, 8353493, 74728, 71298, 8376821, 8329432, 8283262, 66470, 8308742, 8280085, 8332231, 46087, 8268389, 82144, 88145, 8361090, 8351229, 8364773, 8370725, 8323375, 8279113, 72487, 30875, 8331411, 67778, 58482, 8267799, 98486, 48525], [8374051, 122397, 1101, 8314947, 55736, 19579, 28733, 34880, 122879, 8272905, 79740, 91017, 8336154, 8311093, 8309223, 29006, 46206, 8376750, 8250101, 39344, 8362436, 39991, 3080, 8283459, 103049, 8370825, 8338462, 106345, 8307758, 71667, 8327230, 36961, 8304893, 127866, 83340, 94645, 16364, 8315394, 8285583, 8324872, 60153, 128923, 101468, 17551, 1359, 8262835, 8294134, 8299780, 123597, 89901, 97647, 42341, 4546, 8348053, 8305853, 130881, 27958, 8270353, 8258777, 28411, 8301182, 8285606, 113953, 8291624, 8256240, 51998, 4925, 24676, 79093, 8274532, 8283424, 8330227, 8290725, 8310932, 32716, 8374592, 33548, 107175, 8262235, 51091, 66948, 71042, 90165, 8277474, 62443, 81370, 7366, 8334495, 67565, 59970, 8305697, 9690, 8255167, 8297698, 12760, 8291420, 8277938, 101012, 98340, 97219, 8280061, 8253388, 72635, 8306026, 77429, 8328691, 82350, 122332, 8305694, 57289, 8362204, 111397, 8316579, 50359, 8318683, 8350322, 8284488, 32251, 8378077, 8372948, 79856, 8375453, 3947, 128314, 108780, 8338443, 8373169, 8371856, 85283, 81578, 5953, 8323174, 8292259, 8283447, 55604, 25517, 124741, 8321797, 8253079, 61896, 8335436, 12718, 8269717, 8306128, 129678, 8377480, 8341479, 41435, 8320705, 129838, 39254, 38794, 82958, 52728, 8322163, 8284875, 12364, 87970, 14153, 97607, 8275309, 47307, 8374065, 1752, 8274152, 75023, 17312, 8256493, 8297087, 8373406, 8310277, 8328729, 106327, 38714, 4490, 10924, 69804, 8328624, 8279517, 127390, 30350, 8339171, 8356825, 8334416, 8278968, 8278609, 80418, 112644, 8253795, 8294777, 104709, 8300808, 28642, 10737, 8354356, 14785, 8299147, 125327, 8347456, 8259658, 8331748, 13988, 88280, 8286179, 8266211, 113830, 8278424, 107378, 8362790, 8271974, 41020, 44347, 85582, 17299, 8292971, 8317839, 8322318, 8249702, 8368213, 8271355, 8249668, 8283373, 41264, 8283926, 60451, 8364460, 77229, 110344, 14745, 2582, 77590, 21598, 8309802, 70711, 8328946, 100742, 8342421, 8351933, 17485, 16015, 41828, 61351, 8317955, 8300745, 8343310, 75482, 8279673, 8293397, 9697, 19633, 8279055, 83113, 65459, 8253180, 42138, 8256482]]
c = [-1, 0, 0, 0, 0, 0, 0, 0, 0, 0, 1, 0, 0, 0, 0, 0, 0, 0, 0, 0, 0, 0, 1, 0, -1, 0, 0, -1, 0, 0, 0, 1, 0, 0, 0, 0, 0, 1, 0, 0, 0, 0, 0, 0, 0, 0, 1, 0, 0, 0, 0, 0, 0, 0, 0, 0, 1, 0, 1, 1, 0, 0, 0, 0, 0, 0, 0, 0, 0, 0, 1, 0, 0, 0, 0, 0, 0, 0, -1, 0, 0, 0, 0, 0, 0, 0, 0, 0, 0, 0, 0, 0, 0, 0, 0, 0, 0, 0, 0, 0, 0, 0, 0, 0, 0, 0, 0, 0, 0, 0, 0, 0, 0, 0, 0, 0, 0, 0, 0, 0, 1, 0, 0, 0, 0, 0, 0, 0, 0, 1, -1, 0, 0, 1, -1, 0, 0, 0, 0, 0, 0, 0, 0, 0, 0, 0, 0, 0, 0, -1, 0, 0, 0, 0, 0, 0, 0, 0, 0, 0, 0, 0, 0, -1, 0, 0, 1, 0, 0, 0, 0, -1, 0, 0, 0, 0, 0, 0, 0, 0, 0, 0, 0, 0, 1, 0, 0, 0, 0, 0, -1, 0, 0, 0, 0, 0, 0, 0, 0, 0, 0, 0, 0, 0, -1, -1, 0, 0, 0, -1, 0, 1, 0, -1, 0, 0, 0, 0, 0, 0, 0, 0, 0, 0, 0, 0, 0, 0, 0, 0, 0, 0, 0, 0, 0, 1, 0, 0, 0, 0, 0, 0, 0, 0, 0, 0, 0, 0, 0, 0, 0, 0, 0, 0, 0, 0]
> 